16:15:15[REC]: 11:26:23 99461_1_2020-01-20_267 {"rec": [[[63, 64], [142, 143], [73, 74], [0], [0], [0]], [[0], [0], [0], [0], [122, 134, 144], [53, 62, 72, 82, 94, 103, 113]], [[52, 54], [123, 124], [0], [112, 114], [84, 92, 102], [0]], []], "HCards": [[63, 142, 64, 133, 93, 83, 104, 73, 143, 74], [122, 134, 144, 62, 82, 103, 94, 72, 53, 113], [92, 123, 54, 114, 132, 52, 124, 84, 102, 112], []], "result": [[[83, 93, 104, 133], [], [132], []], [2423283, 1462178, 7231245, 0], [[-140000, 4, 0, 0, -40000, 10, 0, -100000], [240000, 0, 0, 1, 40000, 10, 0, 200000], [-100000, 1, 0, 0, 0, 10, 0, -100000], [0, 0, 0, 0]], []], "player": [["10A000002515", "\u4f60\u725b\u4ec0\u4e48\u725b", 0, 2563283], ["10A000005769", "\u5f52\u5fc3", 1, 1222178], ["10A000004002", "\u4e0d\u5e05\u4e5f\u62c9\u98ce", 2, 7331245]]} 
 

16:15:15[REC]: 11:44:58 99461_1_2020-01-20_347 {"rec": [[[102, 103, 104], [72], [0], [0], [0], [0], [143], [63, 73, 82], [134], [0], [0]], [[0], [142], [62, 74, 83], [113, 124, 132], [92, 94], [0], [0], [0], [0], [0], [133]], [[52, 53, 54], [0], [0], [0], [0], [122, 123], [64], [0], [0], [144], [114]], []], "HCards": [[73, 103, 112, 72, 143, 104, 63, 82, 102, 134], [124, 62, 132, 142, 74, 133, 94, 113, 92, 83], [84, 53, 122, 114, 123, 93, 144, 54, 64, 52], []], "result": [[[112], [], [84, 93], []], [2313283, 1772178, 4410755, 0], [[0, 1, 1, 0, 0, 10, 0, 0], [20000, 0, 0, 1, 20000, 10, 0, 0], [-20000, 2, 0, 0, -20000, 10, 0, 0], [0, 0, 0, 0]], []], "player": [["10A000002515", "\u4f60\u725b\u4ec0\u4e48\u725b", 0, 2113283], ["10A000005769", "\u5f52\u5fc3", 1, 1852178], ["10A000007026", "\ue023", 2, 4530755]]} 
 

16:15:15[REC]: 12:16:28 99461_1_2020-01-20_426 {"rec": [[[73, 74], [0], [93, 94], [103, 112, 123, 132, 142], [113]], [[53, 54], [133, 134], [0], [0], [0]], [[63, 64], [143, 144], [83, 84], [0], [0]], []], "HCards": [[103, 123, 132, 74, 94, 142, 112, 113, 93, 73], [133, 114, 54, 53, 104, 62, 82, 72, 134, 124], [52, 63, 92, 64, 84, 83, 122, 143, 102, 144], []], "result": [[[], [62, 72, 82, 104, 114, 124], [52, 92, 102, 122], []], [1277191, 1866900, 2295300, 0], [[50000, 0, 0, 1, 50000, 10, 0, 0], [-30000, 6, 0, 0, -30000, 10, 0, 0], [-20000, 4, 0, 0, -20000, 10, 0, 0], [0, 0, 0, 0]], []], "player": [["10A000009313", "\u00a0 \u00a0 \u00a0 \u00a0\u00a0", 0, 1227191], ["10A000007950", "\u6726\u80e7", 1, 1896900], ["10A000004980", "\u6000\u5ff5\u70df\u7684\u5473\u9053", 2, 2315300]]} 
 

16:15:18[REC]: 15:20:53 99461_1_2020-01-20_1073 {"rec": [[[124], [0], [102, 103], [133, 134], [82, 84], [142, 143], [63]], [[54], [132], [0], [0], [0], [0], [0]], [[92], [144], [52, 53], [113, 114], [0], [0], [0]], []], "HCards": [[143, 102, 133, 134, 103, 63, 124, 84, 142, 82], [54, 72, 122, 64, 73, 93, 112, 132, 62, 104], [144, 94, 113, 74, 83, 52, 53, 92, 123, 114], []], "result": [[[], [62, 64, 72, 73, 93, 104, 112, 122], [74, 83, 94, 123], []], [6530755, 3266665, 1958690, 0], [[120000, 0, 0, 1, 120000, 10, 0, 0], [-80000, 8, 0, 0, -80000, 10, 0, 0], [-40000, 4, 0, 0, -40000, 10, 0, 0], [0, 0, 0, 0]], []], "player": [["10A000007026", "\ue023", 0, 6410755], ["10A000009230", "\u7406\u89e31", 1, 3346665], ["10A000002799", "charming", 2, 1998690]]} 
 

16:15:18[REC]: 15:57:36 99461_1_2020-01-20_1230 {"rec": [[[0], [0], [0], [0], [143], [73, 74], [112, 113], [93, 94], [132], [102], [0], [0], [0]], [[54], [82, 83, 84], [122, 123, 133, 134], [64], [0], [0], [0], [0], [0], [0], [0], [0], [0], [0]], [[142], [0], [0], [144], [72], [0], [103, 104], [0], [0], [0], [124], [52, 53], [114], [63]], []], "HCards": [[62, 143, 113, 93, 94, 132, 74, 73, 112, 102], [123, 84, 133, 64, 83, 92, 122, 82, 54, 134], [52, 63, 144, 124, 53, 72, 142, 103, 104, 114], []], "result": [[[62], [92], [], []], [2847178, 3656665, 1974283, 0], [[0, 1, 0, 0, 0, 10, 0, 0], [0, 1, 1, 0, 0, 10, 0, 0], [0, 0, 0, 1, 0, 10, 0, 0], [0, 0, 0, 0]], []], "player": [["10A000005769", "\u5f52\u5fc3", 0, 2947178], ["10A000009230", "\u7406\u89e31", 1, 3456665], ["10A000002515", "\u4f60\u725b\u4ec0\u4e48\u725b", 2, 2074283]]} 
 

16:15:18[REC]: 15:59:13 99461_1_2020-01-20_1238 {"rec": [[[52, 54], [132, 134], [62], [0], [0], [143], [63, 72, 83], [114]], [[102, 103], [0], [142], [74, 82, 94], [0], [0], [0]], [[122, 123], [0], [0], [84, 92, 104], [64], [0], [0]], []], "HCards": [[63, 62, 54, 83, 132, 143, 72, 114, 52, 134], [74, 94, 142, 102, 53, 103, 82, 124, 113, 112], [122, 73, 93, 123, 133, 64, 92, 84, 144, 104], []], "result": [[[], [53, 112, 113, 124], [73, 93, 133, 144], []], [3217178, 3416665, 1844283, 0], [[80000, 0, 0, 1, 80000, 10, 0, 0], [-40000, 4, 0, 0, -40000, 10, 0, 0], [-40000, 4, 0, 0, -40000, 10, 0, 0], [0, 0, 0, 0]], []], "player": [["10A000005769", "\u5f52\u5fc3", 0, 3137178], ["10A000009230", "\u7406\u89e31", 1, 3456665], ["10A000002515", "\u4f60\u725b\u4ec0\u4e48\u725b", 2, 1884283]]} 
 

16:15:18[REC]: 16:14:24 99461_1_2020-01-20_1317 {"rec": [[[52, 54], [0], [0], [0], [92, 102, 113], [62, 72, 84], [0], [0], [0]], [[122, 123], [73], [0], [0], [0], [74, 82, 94], [133, 134], [142], [64]], [[0], [143], [104, 112, 124, 132], [83, 93, 103], [0], [0], [0], [0]], []], "HCards": [[72, 52, 144, 54, 62, 84, 92, 114, 102, 113], [73, 134, 142, 74, 64, 82, 122, 94, 123, 133], [124, 83, 103, 104, 53, 63, 112, 132, 93, 143], []], "result": [[[114, 144], [], [53, 63], []], [2927178, 2497191, 2119283, 0], [[-20000, 2, 0, 0, -20000, 10, 0, 0], [40000, 0, 0, 1, 40000, 10, 0, 0], [-20000, 2, 0, 0, -20000, 10, 0, 0], [0, 0, 0, 0]], []], "player": [["10A000005769", "\u5f52\u5fc3", 0, 2947178], ["10A000009313", "\u00a0 \u00a0 \u00a0 \u00a0\u00a0", 1, 2457191], ["10A000002515", "\u4f60\u725b\u4ec0\u4e48\u725b", 2, 2139283]]} 
 

16:15:18[REC]: 00:15:47 99461_2_2020-01-20_43 {"rec": [[[54], [123], [142], [83], [0], [0], [0]], [[94], [132], [0], [144], [63, 64], [0], [0]], [[114], [0], [0], [0], [133, 134], [53, 62, 73, 84, 93, 103], [74]], []], "HCards": [[143, 113, 83, 112, 123, 54, 82, 72, 142, 92], [64, 102, 63, 104, 94, 144, 132, 52, 124, 122], [53, 84, 133, 62, 114, 134, 93, 73, 103, 74], []], "result": [[[72, 82, 92, 112, 113, 143], [52, 102, 104, 122, 124], [], []], [1038670, 455200, 768171, 0], [[-18000, 6, 0, 0, -18000, 10, 0, 0], [-15000, 5, 0, 0, -15000, 10, 0, 0], [31350, 0, 0, 1, 31350, 10, 0, 0], [0, 0, 0, 0]], []], "player": [["10A000009002", "\u78ca\u78ca1", 0, 1056670], ["10A000009269", "strive", 1, 470200], ["10A000007987", "\ue812 \ue812 \ue812 \ue812", 2, 736821]]} 
 

16:15:19[REC]: 00:43:29 99461_2_2020-01-20_132 {"rec": [[[0], [103], [0], [142, 143], [52, 64, 72], [94, 104, 112], [132]], [[54, 62, 73, 83], [0], [133], [0], [0], [63, 74, 84], [0]], [[122, 123, 124], [53], [144], [92, 93], [0], [0], [0]], []], "HCards": [[143, 52, 104, 132, 64, 72, 112, 142, 94, 103], [133, 83, 74, 62, 84, 73, 54, 113, 114, 63], [134, 102, 122, 92, 82, 93, 124, 53, 123, 144], []], "result": [[[], [113, 114], [82, 102, 134], []], [970720, 1078773, 388600, 0], [[15000, 0, 0, 1, 15000, 10, 0, 0], [-6000, 2, 0, 0, -6000, 10, 0, 0], [-9000, 3, 1, 0, -9000, 10, 0, 0], [0, 0, 0, 0]], []], "player": [["10A000009002", "\u78ca\u78ca1", 0, 985720], ["10A000003520", "\u7075\u9b42\u653e\u9010", 1, 1114773], ["10A000004128", "\U0001f43e - \u0f04\u8df3\u0fc6\u0f7c\u0f18\u86a4\u0fc6\u0f82", 2, 340600]]} 
 

16:15:19[REC]: 00:45:52 99461_2_2020-01-20_137 {"rec": [[[74], [0], [102, 112, 122, 133, 142], [62, 63], [0], [0], [134], [0]], [[143], [53, 64, 73, 84, 92], [0], [103, 104], [0], [0], [144], [52]], [[54], [0], [0], [0], [113, 114], [82, 83, 93, 94], [124], [0]], []], "HCards": [[74, 142, 122, 134, 112, 63, 133, 102, 62, 123], [144, 64, 52, 53, 104, 143, 84, 92, 73, 103], [94, 83, 124, 113, 132, 54, 82, 114, 72, 93], []], "result": [[[123], [], [72, 132], []], [3213350, 1501900, 1509000, 0], [[0, 1, 0, 0, 0, 10, 0, 0], [10000, 0, 0, 1, 10000, 10, 0, 0], [-10000, 2, 0, 0, -10000, 10, 0, 0], [0, 0, 0, 0]], []], "player": [["10A000005262", "\u66b4\u8d70", 0, 3213350], ["10A000007950", "\u6726\u80e7", 1, 1491900], ["10A000009328", "\u72ec\u5bb6\u8bb0\u5fc6*", 2, 1519000]]} 
 

16:15:20[REC]: 12:21:57 99461_2_2020-01-20_472 {"rec": [[[52, 54, 62, 64], [112, 113, 114], [93], [0], [0], [0], [144], [124]], [[73, 74, 83, 84], [0], [102], [0], [122, 132, 143], [63], [0]], [[0], [0], [142], [72, 82, 92], [0], [123], [0]], []], "HCards": [[52, 93, 114, 112, 124, 113, 144, 62, 54, 64], [143, 122, 102, 73, 63, 84, 94, 74, 83, 132], [104, 92, 72, 134, 103, 133, 142, 123, 82, 53], []], "result": [[[], [94], [53, 103, 104, 133, 134], []], [2793283, 1360260, 602000, 0], [[25000, 0, 1, 1, 25000, 10, 0, 0], [0, 1, 0, 0, 0, 10, 0, 0], [-25000, 5, 0, 0, -25000, 10, 0, 0], [0, 0, 0, 0]], []], "player": [["10A000002515", "\u4f60\u725b\u4ec0\u4e48\u725b", 0, 2668283], ["10A000003015", "\u6b27\u660e\u743c", 1, 1410260], ["10A000009352", "\u300a\u98ce\u4e91\u300b", 2, 677000]]} 
 

16:15:20[REC]: 12:47:47 99461_2_2020-01-20_514 {"rec": [[[132, 133, 134], [92], [0], [94, 104, 112], [143], [52, 53]], [[0], [142], [62, 73, 82], [0], [0]], [[54, 63, 72, 84], [0], [0], [0], [0], [0]], []], "HCards": [[143, 52, 133, 104, 94, 112, 53, 92, 134, 132], [62, 74, 93, 142, 123, 73, 82, 103, 83, 102], [64, 122, 124, 63, 113, 72, 144, 54, 84, 114], []], "result": [[[], [74, 83, 93, 102, 103, 123], [64, 113, 114, 122, 124, 144], []], [3157178, 2603283, 1941245, 0], [[120000, 0, 1, 1, 120000, 10, 0, 0], [-60000, 6, 0, 0, -60000, 10, 0, 0], [-60000, 6, 0, 0, -60000, 10, 0, 0], [0, 0, 0, 0]], []], "player": [["10A000005769", "\u5f52\u5fc3", 0, 2837178], ["10A000002515", "\u4f60\u725b\u4ec0\u4e48\u725b", 1, 2763283], ["10A000004002", "\u4e0d\u5e05\u4e5f\u62c9\u98ce", 2, 2101245]]} 
 

16:15:22[REC]: 14:27:19 99461_2_2020-01-20_773 {"rec": [[[62, 64], [0], [144], [84, 94, 102, 113, 123, 132], [114]], [[122, 124], [0], [0], [0]], [[53, 54], [133, 134], [72], [0], [0]], []], "HCards": [[123, 62, 114, 102, 132, 113, 144, 84, 64, 94], [104, 63, 52, 74, 122, 103, 92, 83, 124, 143], [54, 72, 53, 73, 82, 112, 93, 142, 134, 133], []], "result": [[[], [52, 63, 74, 83, 92, 103, 104, 143], [73, 82, 93, 112, 142], []], [1082191, 468160, 1550170, 0], [[65000, 0, 0, 1, 65000, 10, 0, 0], [-40000, 8, 0, 0, -40000, 10, 0, 0], [-25000, 5, 0, 0, -25000, 10, 0, 0], [0, 0, 0, 0]], []], "player": [["10A000009313", "\u00a0 \u00a0 \u00a0 \u00a0\u00a0", 0, 1017191], ["10A000003418", "\u4e00\u7b11\u5948\u4f55", 1, 508160], ["10A000004458", "\u63a5\u4f60\u554a", 2, 1575170]]} 
 

16:15:22[REC]: 14:30:33 99461_2_2020-01-20_781 {"rec": [[[63, 64], [0], [123, 124], [112], [0], [0], [142], [132], [143], [83, 84]], [[102, 104], [0], [0], [144], [114, 122, 133], [53], [0], [0], [0]], [[52, 54], [72, 73, 74], [92, 94], [0], [0], [0], [134], [0], [0], [0]], []], "HCards": [[64, 123, 143, 63, 142, 84, 83, 132, 112, 124], [144, 53, 104, 114, 102, 62, 113, 133, 93, 122], [74, 73, 103, 52, 94, 54, 72, 92, 82, 134], []], "result": [[[], [62, 93, 113], [82, 103], []], [1097191, 1724760, 1292170, 0], [[25000, 0, 0, 1, 25000, 10, 0, 0], [-15000, 3, 0, 0, -15000, 10, 0, 0], [-10000, 2, 1, 0, -10000, 10, 0, 0], [0, 0, 0, 0]], []], "player": [["10A000009313", "\u00a0 \u00a0 \u00a0 \u00a0\u00a0", 0, 1122191], ["10A000003015", "\u6b27\u660e\u743c", 1, 1789760], ["10A000004458", "\u63a5\u4f60\u554a", 2, 1207170]]} 
 

